Multiplication Table ([20..30]x[15..35])

          20    21    22    23    24    25    26    27    28    29    30
    15   300   315   330   345   360   375   390   405   420   435   450
    16   320   336   352   368   384   400   416   432   448   464   480
    17   340   357   374   391   408   425   442   459   476   493   510
    18   360   378   396   414   432   450   468   486   504   522   540
    19   380   399   418   437   456   475   494   513   532   551   570
    20   400   420   440   460   480   500   520   540   560   580   600
    21   420   441   462   483   504   525   546   567   588   609   630
    22   440   462   484   506   528   550   572   594   616   638   660
    23   460   483   506   529   552   575   598   621   644   667   690
    24   480   504   528   552   576   600   624   648   672   696   720
    25   500   525   550   575   600   625   650   675   700   725   750
    26   520   546   572   598   624   650   676   702   728   754   780
    27   540   567   594   621   648   675   702   729   756   783   810
    28   560   588   616   644   672   700   728   756   784   812   840
    29   580   609   638   667   696   725   754   783   812   841   870
    30   600   630   660   690   720   750   780   810   840   870   900
    31   620   651   682   713   744   775   806   837   868   899   930
    32   640   672   704   736   768   800   832   864   896   928   960
    33   660   693   726   759   792   825   858   891   924   957   990
    34   680   714   748   782   816   850   884   918   952   986  1020
    35   700   735   770   805   840   875   910   945   980  1015  1050


