Staff
p1: 29.995826125510433
p2: 29.990939999999995
